Txn No,Credit,Debit,Balance,Date,Type
1,100,,100,02-03-2020,IMPS
2,1000,,1100,02-05-2020,Transfer
3,,100,1000,06-07-2020,NEFT
4,20000,,21000,08-09-2020,IMPS
5,5000,,26000,09-09-2020,Transfer
6,,1000,25000,09-09-2020,NEFT
7,10000,,35000,15-09-2020,IMPS
8,,5000,30000,15-10-2020,Net Banking
9,,5000,25000,15-10-2020,NEFT
10,75000,,100000,16-11-2020,IMPS
